.Random.seed <-
c(403L, 10L, 1466425258L, -2082052843L, -1657008209L, 1214480310L, 
1518937568L, -1795556061L, 412062273L, 1144732976L, 1530812238L, 
-1878573639L, 2113363915L, -1813801862L, 1432159612L, 1512283583L, 
-736896363L, -647853908L, 1494798978L, -1015195043L, -1166799529L, 
-1097633730L, 305546360L, -1184247973L, 2002418361L, 483497736L, 
634793398L, -1981631759L, 1881060643L, 2064772978L, -1480229436L, 
-273496697L, -1621424291L, 1031539028L, -1900475526L, 1765092037L, 
-1012270049L, 1110952870L, 245386544L, 1030156243L, -2026545679L, 
1233234720L, -734493250L, -1224311351L, -598253189L, -645519542L, 
-1666386004L, 587906735L, -483115931L, -364516324L, -1003224462L, 
356398317L, 2140056871L, 2108545358L, -846022232L, -1521844821L, 
1920833225L, -119222568L, -79228026L, -1120778655L, -1335361549L, 
1602613858L, -867253036L, 1507501527L, 1832439757L, 428804964L, 
635522890L, -1524672843L, -1071198705L, -1542349034L, -1818080832L, 
341694851L, -1088200799L, 1709543312L, 1034810478L, -1448246759L, 
-2060596565L, 1431998106L, 124521052L, -1343121569L, -497243851L, 
219449548L, -1699974622L, -833721219L, 538416503L, 1123015326L, 
1447524696L, 836321467L, 299073113L, -981447192L, -112355306L, 
504210321L, 729779267L, 21881682L, -1294178332L, 1206425127L, 
1790701181L, 2045169524L, -1408392358L, -2084022875L, 605868479L, 
2050693702L, -1810974512L, -1227205901L, -951778287L, -19164608L, 
1102775838L, 928076009L, -1935642085L, 712086058L, -1192692404L, 
-1052551409L, 385538629L, -849163268L, -1433677230L, 1950592973L, 
1935321479L, -247456658L, -708205496L, 2084732491L, -13732951L, 
-1913242888L, 2035519014L, 1460528961L, 343715027L, -1071304574L, 
-1463284044L, -251647433L, -369479379L, -652180924L, -407953558L, 
-1195381803L, 1844604271L, -888465290L, -64212064L, -264018845L, 
-1174376191L, -15778704L, -9144306L, -1925347207L, 1969784843L, 
-1877874374L, 1264449596L, -108843137L, -1677646635L, -212797204L, 
-1379651006L, -676555363L, -147582953L, -1910536834L, -1000498376L, 
1739711515L, -453296775L, -273790008L, -1197221898L, 600341041L, 
-69604253L, 349234L, -1153306236L, -1095223353L, 516078237L, 
-1392309740L, -1687557958L, -1623509755L, 1063263967L, 456467302L, 
-2024422672L, 617832979L, -1621668943L, 746583648L, -1420577794L, 
81669001L, 1802419387L, -831276918L, -2119570580L, -1139765009L, 
-1009763547L, 833988060L, 1004389298L, 2068130477L, 12026471L, 
94675342L, 791111272L, 453137003L, 975514633L, 922768024L, -1272093242L, 
237708577L, 1039877555L, -1214688990L, -989058284L, -2069441641L, 
-1502127219L, -1562532188L, -1965733750L, -257577227L, 616477007L, 
270728790L, -113744640L, -66207677L, -270535711L, -1415197872L, 
1971756462L, -1007324327L, 204585323L, 1067933914L, -1691776612L, 
747836831L, -2034178059L, 309913228L, -1291316382L, -1940145347L, 
-567039049L, 1965088862L, 715242904L, 1373595899L, 540898457L, 
2118898984L, 749384662L, 306260049L, -410981629L, -198399342L, 
1800222756L, -481966361L, -945931459L, -565992524L, 1090383898L, 
-1321364635L, 1488793087L, 315507132L, 1495162964L, -1952123966L, 
-928292064L, 249173948L, 2138616400L, 1655074274L, -401837720L, 
2074725708L, 1865801980L, 2080522994L, 706113280L, 1175420532L, 
-411516920L, -742903366L, 178360272L, 1811941868L, 2031069076L, 
-1853599022L, 1681981024L, 621372748L, 1930446112L, 990947970L, 
-244344344L, 434716652L, 337659452L, 1868646002L, -1908888720L, 
-491214556L, 684237368L, -786572902L, -1029490224L, -2100763204L, 
-551561068L, -34147198L, -719739456L, 1669925692L, -322311024L, 
-516744414L, -1678019064L, -1139301108L, 488043932L, -1046893038L, 
772012928L, -42020076L, -1612795608L, -1511979974L, 2008329168L, 
-520201620L, -1734962636L, 1155062418L, -995990176L, -2085775028L, 
1113466848L, 769160610L, 102954408L, -1838524788L, 787561916L, 
-1176187278L, -1080134672L, -748540348L, -1448923048L, 1055438906L, 
-344383376L, 561436732L, 1268556052L, -728833342L, 2091280096L, 
-1246988164L, -285919536L, -1259308638L, -336877528L, 1626540812L, 
667503036L, -88911054L, -1791690048L, 1420274740L, 555134664L, 
-1135692614L, -1987258736L, -1392288020L, 1042123348L, 2022847122L, 
-1886095072L, 499417548L, -1942986016L, 1581576386L, 566160424L, 
-1392224340L, -1989879108L, 1862077426L, -1973488080L, -1080574044L, 
-921219656L, 107497306L, -1361964912L, -1958003844L, 2074550548L, 
1838987586L, -384417536L, -1394389572L, 1319297360L, -1122395870L, 
1787517512L, 1734881292L, -1465199012L, -1404040750L, -1579387392L, 
-1874594476L, 1480830184L, 1800683770L, 151447248L, -1686598868L, 
-643624716L, 1171478930L, 1978924384L, -164623348L, -1041105696L, 
-490364318L, 364364968L, 907230284L, -1135798404L, 1685412146L, 
914018928L, -2104585404L, 1720267736L, -177847430L, 222611504L, 
-469372996L, 1866785364L, 1057083458L, 418737824L, -375872836L, 
2002340816L, -1670455966L, 2009308904L, -29115188L, 1197298172L, 
876150258L, 276579456L, 1585564148L, 1093180040L, -403207366L, 
288443728L, -1073288084L, 1713792404L, -1185202094L, 292355552L, 
-959335220L, -1508073824L, -694840958L, 415414504L, -115459348L, 
-839129796L, -797142926L, -806366608L, -1110914524L, 138106936L, 
1387555098L, 1667728592L, -1516680900L, 1180214164L, 309213058L, 
-135246912L, -1524906436L, -832577136L, -1249765342L, -2133711608L, 
-731178868L, -245461220L, 220476562L, 767104384L, -2023567340L, 
455317288L, -1763285446L, -186699312L, 1620343148L, -249007180L, 
1609976338L, -67344416L, 1728113100L, -610813728L, 1623788578L, 
-2098588888L, -1656743412L, -321584324L, 1562009586L, 1917432560L, 
-311190972L, 1178365528L, -304507078L, 1942171632L, -560536900L, 
2108101908L, 2103778498L, -1016239008L, -2086783620L, 1556467664L, 
-410820318L, 1257576104L, 2080864140L, 2062808252L, 391842610L, 
-1216903616L, -2016570188L, -1596603320L, -310819398L, -1740396016L, 
-1279525652L, 932970836L, -264309998L, -1963127392L, 555121356L, 
-1236649376L, 722296770L, -194890968L, 894556588L, -159388356L, 
-641189006L, 1316076848L, 668518180L, 1264403768L, -938580262L, 
772669328L, 338557692L, 1849248660L, 2044027970L, -566733766L, 
1773606008L, 342360097L, -310703405L, -1863611916L, 566702722L, 
-501739753L, -1708096031L, -1520256218L, 1084700196L, -2124549931L, 
769265791L, -4373224L, -581583818L, 1799955139L, 1333759749L, 
-1934703966L, 1663529104L, 338657337L, 960901355L, -646274596L, 
1308878858L, -1213278465L, -922286263L, -627589922L, 1897423500L, 
-85219747L, -44094361L, 1231700368L, 1326014894L, 951800923L, 
-753089475L, 793774762L, -1822640312L, 1249180529L, -622494493L, 
-954067996L, -1084980462L, 1527140071L, -1716111183L, 1992260342L, 
1364565268L, 2118156837L, 968429359L, 396865768L, -1505963578L, 
1187512435L, 748245L, 1537816754L, -1359991680L, -612781975L, 
-727814949L, 1290297388L, 272392250L, -891068689L, 267284857L, 
188161550L, 1948458972L, 1753749581L, -2028061769L, 1086776640L, 
-1545083874L, -338984213L, -1785206163L, -1209648422L, 16573080L, 
244736257L, 1158383283L, 1213665748L, -63799070L, 1235728759L, 
-1026791231L, -2089683898L, 1370004356L, 897699125L, -1159333089L, 
-1527067016L, 652751702L, 1472543203L, -1825419355L, 1167494722L, 
1732310064L, -1405630375L, -988830261L, -1052842436L, -1549576086L, 
-1977310561L, 314470185L, 1427903422L, -2102713684L, -1966616579L, 
-1938270393L, 570841136L, -963481266L, -241124997L, -1378697507L, 
217184010L, 1514982952L, -523987311L, -759611773L, 1097744260L, 
306754994L, 1187404551L, 1624445265L, -1308759850L, -806304332L, 
525599173L, -1417228017L, 90820488L, 1525522086L, -1039741357L, 
48263093L, 126557458L, -1470495008L, -1670227127L, 1644279163L, 
770744396L, -1046251046L, 1138734031L, 1864850841L, -1176984146L, 
-254758212L, -65694931L, 1608270039L, 972736800L, 103272062L, 
1623619659L, 860185165L, 1517781114L, 378966200L, -700358047L, 
205051923L, 556103220L, 2145910850L, 1191673943L, 2024371105L, 
348042342L, 163937380L, -1158318187L, 400531647L, -1835368360L, 
1597342838L, 136154243L, 2138234053L, 354122210L, 50585680L, 
